try (destroydialog Roll_autorig) catch ()

VERSION = "1.1.0"

numvertsSD0 = 18177
numvertsSD1 = 72704
numvertsSD2 = 290810
numvertsSD3 = 1163234

numvertsHeadSD0 = 7554
numvertsHeadSD1 = 30159
numvertsHeadSD2 = 120525
numvertsHeadSD3 = 481881

numvertshandSD0 = 1878
numvertshandSD1 = 7489
numvertshandSD2 = 29913
numvertshandSD3 = 119569

numvertsfootSD0 = 1622
numvertsfootSD1 = 6461
numvertsfootSD2 = 25791
numvertsfootSD3 = 103061

function create_bone_end bone_ color_ size =
(
    bone_end = BoneSys.createBone [0,0,0] [0,0,size] [1,0,0]
        bone_end.transform = bone_.transform
        bone_end.name = bone_.name + "_END"
        if findstring bone_end.name "_B_" != undefined then
            bone_end.name = substitutestring bone_end.name "_B_" "_H_"
        bone_end.wirecolor = color_
        bone_end.transform = bone_.transform
        in coordsys local (move bone_end [bone_.length,0,0])
        bone_end.parent = bone_

    return bone_end
)

function create_controller type node_ name_ color_ size rotation_:#(0, [0,0,0]) =
(
    controller = undefined
    case type of
    (
        "diamond":
        (
            controller = Rectangle length:size width:size cornerRadius:0
                rotate controller (angleaxis 45 [0,0,1])
            shCtrl02 = Rectangle length:size width:size cornerRadius:0
                rotate shCtrl02 (angleaxis 45 [0,0,1])
                rotate shCtrl02 (angleaxis 90 [1,0,0])
            shCtrl03 = Rectangle length:size width:size cornerRadius:0
                rotate shCtrl03 (angleaxis 45 [0,0,1])
                rotate shCtrl03 (angleaxis 90 [0,1,0])
            convertTo controller SplineShape
            convertTo shCtrl02 SplineShape
            convertTo shCtrl03 SplineShape

            addAndWeld controller shCtrl02 -1
            addAndWeld controller shCtrl03 -1

            resetXform controller
            maxOps.CollapseNode controller off
        )
        "sphere":
        (
            controller = circle Radius:size
                rotate controller (angleaxis 45 [0,0,1])
            shCtrl02 = circle Radius:size
                rotate shCtrl02 (angleaxis 90 [1,0,0])
            shCtrl03 = circle Radius:size
                rotate shCtrl03 (angleaxis 90 [0,1,0])
            convertTo controller SplineShape
            convertTo shCtrl02 SplineShape
            convertTo shCtrl03 SplineShape

            addAndWeld controller shCtrl02 -1
            addAndWeld controller shCtrl03 -1

            resetXform controller
            maxOps.CollapseNode controller off
        )
        "finger":
        (
            controller = Rectangle length:size width:size cornerRadius:0
            rect02 = copy controller
                rotate rect02 (angleaxis 90 [0,1,0])
                move rect02 [-size/2.0,0,size/2.0]
            rect03 = copy controller
                rotate rect03 (angleaxis 90 [0,1,0])
                move rect03 [size/2.0,0,size/2.0]
            rect04 = copy controller
                move rect04 [0,0,size]

            convertTo controller SplineShape
            convertTo rect02 SplineShape
            convertTo rect03 SplineShape
            convertTo rect04 SplineShape

            addAndWeld controller rect02 -1
            addAndWeld controller rect03 -1
            addAndWeld controller rect04 -1

            controller.pivot = controller.center

            resetXform controller
            maxOps.CollapseNode controller off

            small_square = copy controller
                scale small_square [size/6.0,size/6.0,size/6.0]
                move small_square [0,0,size*1.5]

            ss = SplineShape pos:[0,0,0]
            addNewSpline ss
            addKnot ss 1 #corner #line controller.pos
            addKnot ss 1 #corner #line small_square.pos
            updateShape ss

            addAndWeld controller small_square -1
            addAndWeld controller ss -1
            resetXform controller
            maxOps.CollapseNode controller off
        )
        "joints":
        (
            max modify mode
            controller = circle Radius:(size*3)
                convertTo controller SplineShape
                select controller
                subobjectLevel = 2
                setSegSelection controller 1 #(3, 4)
-- 				splineOps.delete controller
                actionMan.executeAction 0 "40020"  -- Edit: Delete Objects
                subobjectLevel = 0
                move controller [0,0,size]

            shCtrl02 = copy controller
                move shCtrl02 [0,0,-size*2]

            shCtrl03 = circle Radius:(size)
                rotate shCtrl03 (angleaxis 90 [0,1,0])
                move shCtrl03 [-size*3,0,0]

            shCtrl04 = copy shCtrl03
                move shCtrl04 [size*6,0,0]

            convertTo shCtrl03 SplineShape
            convertTo shCtrl04 SplineShape

            addAndWeld controller shCtrl02 -1
            addAndWeld controller shCtrl03 -1
            addAndWeld controller shCtrl04 -1

            controller.pivot = [0,0,0]
            rotate controller (angleaxis 90 [1,0,0])
            rotate controller (angleaxis 90 [0,0,1])

            resetXform controller
            maxOps.CollapseNode controller off
        )
        "spine":
        (
            controller = circle Radius:size
            convertTo controller SplineShape
            select controller
            setKnotPoint controller 1 1 [(GetKnotPoint controller 1 1).x, (GetKnotPoint controller 1 1).y, (GetKnotPoint controller 1 1).z+size/6.0]
            setKnotPoint controller 1 3 [(GetKnotPoint controller 1 3).x, (GetKnotPoint controller 1 3).y, (GetKnotPoint controller 1 3).z+size/6.0]
            setKnotPoint controller 1 2 [(GetKnotPoint controller 1 2).x, (GetKnotPoint controller 1 2).y, (GetKnotPoint controller 1 2).z-size/6.0]
            setKnotPoint controller 1 4 [(GetKnotPoint controller 1 4).x, (GetKnotPoint controller 1 4).y, (GetKnotPoint controller 1 4).z-size/6.0]
            updateShape controller

            rotate $ (angleaxis 90 [0,1,0])

            resetXform controller
            maxOps.CollapseNode controller off
        )
        "circle":
        (
            controller = circle Radius:size
            convertTo controller SplineShape
            rotate controller (angleaxis 90 [1,0,0])

            resetXform controller
            maxOps.CollapseNode controller off
        )
        "shoulder":
        (
            controller = circle Radius:size
                rotate controller (angleaxis 45 [0,0,1])
            shCtrl02 = circle Radius:size
                rotate shCtrl02 (angleaxis 90 [1,0,0])
            shCtrl03 = circle Radius:size
                rotate shCtrl03 (angleaxis 90 [0,1,0])
            convertTo controller SplineShape
            convertTo shCtrl02 SplineShape
            convertTo shCtrl03 SplineShape

            addAndWeld controller shCtrl02 -1
            addAndWeld controller shCtrl03 -1

            ss = SplineShape pos:[0,0,0]
            addNewSpline ss
            addKnot ss 1 #corner #line [0,0,0]
            addKnot ss 1 #corner #line [0,0,size*10]
            updateShape ss

            move controller [0,0,size*10]
            addAndWeld controller ss -1

            controller.pivot = [0,0,0]
            resetXform controller
            maxOps.CollapseNode controller off
        )
        "cross4curved":
        (
            controller = SplineShape pos:[0,0,0]
            addNewSpline controller
            addKnot controller 1 #bezierCorner #curve ([-1,1,0]*size) ([-4,1,0]*size) ([-1,2,0]*size)
            addKnot controller 1 #bezierCorner #curve ([-1,4,0]*size) ([-1,3,0]*size) ([-1.3,4,0]*size)
            addKnot controller 1 #bezierCorner #curve ([-2,4,0]*size) ([-1.6,4,0]*size) ([-1,5,0]*size)
            addKnot controller 1 #bezierCorner #curve ([0,6,0]*size) ([-1,5,0]*size) ([1,5,0]*size)
            addKnot controller 1 #bezierCorner #curve ([2,4,0]*size) ([1,5,0]*size) ([1.6,4,0]*size)
            addKnot controller 1 #bezierCorner #curve ([1,4,0]*size) ([1.3,4,0]*size) ([1,3,0]*size)
            addKnot controller 1 #bezierCorner #curve ([1,1,0]*size) ([1,2,0]*size) ([2,1,0]*size)
            addKnot controller 1 #bezierCorner #curve ([4,1,0]*size) ([3,1,0]*size) ([4,1.3,0]*size)
            addKnot controller 1 #bezierCorner #curve ([4,2,0]*size) ([4,1.6,0]*size) ([5,1,0]*size)
            addKnot controller 1 #bezierCorner #curve ([6,0,0]*size) ([5,1,0]*size) ([5,-1,0]*size)
            addKnot controller 1 #bezierCorner #curve ([4,-2,0]*size) ([5,-1,0]*size) ([4,-1.6,0]*size)
            addKnot controller 1 #bezierCorner #curve ([4,-1,0]*size) ([4,-1.3,0]*size) ([3,-1,0]*size)
            addKnot controller 1 #bezierCorner #curve ([1,-1,0]*size) ([2,-1,0]*size) ([1,-2,0]*size)
            addKnot controller 1 #bezierCorner #curve ([1,-4,0]*size) ([1,-3,0]*size) ([1.3,-4,0]*size)
            addKnot controller 1 #bezierCorner #curve ([2,-4,0]*size) ([1.6,-4,0]*size) ([1,-5,0]*size)
            addKnot controller 1 #bezierCorner #curve ([0,-6,0]*size) ([1,-5,0]*size) ([-1,-5,0]*size)
            addKnot controller 1 #bezierCorner #curve ([-2,-4,0]*size) ([-1,-5,0]*size) ([-1.6,-4,0]*size)
            addKnot controller 1 #bezierCorner #curve ([-1,-4,0]*size) ([-1.3,-4,0]*size) ([-1,-3,0]*size)
            addKnot controller 1 #bezierCorner #curve ([-1,-1,0]*size) ([-1,-2,0]*size) ([-2,-1,0]*size)
            addKnot controller 1 #bezierCorner #curve ([-4,-1,0]*size) ([-3,-1,0]*size) ([-4,-1.3,0]*size)
            addKnot controller 1 #bezierCorner #curve ([-4,-2,0]*size) ([-4,-1.6,0]*size) ([-5,-1,0]*size)
            addKnot controller 1 #bezierCorner #curve ([-6,0,0]*size) ([-5,-1,0]*size) ([-5,1,0]*size)
            addKnot controller 1 #bezierCorner #curve ([-4,2,0]*size) ([-5,1,0]*size) ([-4,1.6,0]*size)
            addKnot controller 1 #bezierCorner #curve ([-4,1,0]*size) ([-4,1.3,0]*size) ([-3,1,0]*size)
            addKnot controller 1 #bezierCorner #curve ([-1,1,0]*size) ([-2,1,0]*size) ([-1,2,0]*size)
            updateShape controller

            resetXform controller
            maxOps.CollapseNode controller off

            bend01 = bend()
            addmodifier controller bend01
            bend01.BendAngle = 45
            bend01.BendAxis = 0

            bend02 = bend()
            addmodifier controller bend02
            bend02.BendAngle = 45
            bend02.BendAxis = 1
            bend02.BendDir = -90

            maxOps.CollapseNode controller off

            move controller [0,0,size*2.5]
            controller.pivot = [0,0,0]
            resetXform controller
            maxOps.CollapseNode controller off
        )
        "arrow":
        (
            controller = SplineShape pos:[0,0,0]
            addNewSpline controller
            addKnot controller 1 #Corner #curve ([0,1,0]*size)
            addKnot controller 1 #Corner #curve ([3,1,0]*size)
            addKnot controller 1 #Corner #curve ([3,2,0]*size)
            addKnot controller 1 #Corner #curve ([5,0,0]*size)
            addKnot controller 1 #Corner #curve ([3,-2,0]*size)
            addKnot controller 1 #Corner #curve ([3,-1,0]*size)
            addKnot controller 1 #Corner #curve ([0,-1,0]*size)
            updateShape controller

            resetXform controller
            maxOps.CollapseNode controller off
        )
        "diamond2D":
        (
            controller = Rectangle length:size width:size cornerRadius:0
                rotate controller (angleaxis 45 [0,0,1])
            convertTo controller SplineShape

            resetXform controller
            maxOps.CollapseNode controller off
        )
    )

    controller.name = name_
    controller.wirecolor = color_

    rotate controller (angleaxis rotation_[1] rotation_[2])
    resetXform controller
    maxOps.CollapseNode controller off

    if node_ == "world" then
        controller.pos = [0,0,0]
    else
        controller.transform = node_.transform
    controller.steps = 2

    return controller
)

function create_Zout node_ parent bone_size =
(
    Zout = point isSelected:off centermarker:off axistripod:on cross:off Box:off \
                size:(bone_size)
        Zout.transform = node_.transform
        Zout.wirecolor = red
        Zout.name = substitutestring node_.name "_C_" "_HZ_"

    node_.parent = Zout
    Zout.parent = parent

    return Zout
)

function create_marks transform_ size name_ color_ =
(
    marker = Sphere radius:size smooth:on segs:16 chop:0 slice:off sliceFrom:0 sliceTo:0 mapcoords:on recenter:off isSelected:off
        cyl_01 = Cylinder smooth:on heightsegs:1 capsegs:1 sides:6 height:(size*2.0) radius:(size/12.0) mapcoords:on isSelected:off
        rotate cyl_01 (angleaxis -90 [1,0,0])
        cyl_02 = Cylinder smooth:on heightsegs:1 capsegs:1 sides:6 height:(size*2.0) radius:(size/12.0) mapcoords:on isSelected:off
        rotate cyl_02 (angleaxis 90 [0,1,0])
        cyl_03 = Cylinder smooth:on heightsegs:1 capsegs:1 sides:6 height:(size*2.0) radius:(size/12.0) mapcoords:on isSelected:off

    arrow_01 = copy cyl_01
        arrow_01.radius = (size/8.0)
        arrow_01.height = size
    arrow_02 = copy cyl_02
        arrow_02.radius = (size/8.0)
        arrow_02.height = size
    arrow_03 = copy cyl_03
        arrow_03.radius = (size/8.0)
        arrow_03.height = size

    converttopoly arrow_01
    converttopoly arrow_02
    converttopoly arrow_03

    max modify mode

    arrow_01.EditablePoly.SetSelection #Face #{8}
    arrow_01.EditablePoly.collapse #Face
    arrow_02.EditablePoly.SetSelection #Face #{8}
    arrow_02.EditablePoly.collapse #Face
    arrow_03.EditablePoly.SetSelection #Face #{8}
    arrow_03.EditablePoly.collapse #Face

    in coordsys local (move arrow_01 [0,0,(size*1.9)])
    in coordsys local (move arrow_02 [0,0,(size*1.9)])
    in coordsys local (move arrow_03 [0,0,(size*1.9)])

    text_X = text size:(size/2.0) kerning:0 leading:0 pos:[0,0,0] isSelected:off
        in coordsys local (move text_X [(size*2.5),0,0])
        in coordsys local (move text_X [0,(size/3),0])
        text_X.text = "X"
        addmodifier text_X (Extrude ())
        text_X.modifiers[#Extrude].amount = size/10.0

    text_Y = text size:(size/2.0) kerning:0 leading:0 pos:[0,0,0] isSelected:off
        in coordsys local (move text_Y [0,(size*2.5),0])
        in coordsys local (move text_Y [(-size/3),0,0])
        text_Y.text = "Y"
        addmodifier text_Y (Extrude ())
        text_Y.modifiers[#Extrude].amount = size/10.0

    text_Z = text size:(size/2.0) kerning:0 leading:0 pos:[0,0,0] isSelected:off
        in coordsys local (move text_Z [0,0,(size*2.5)])
        in coordsys local (move text_Z [(-size/3),0,0])
        text_Z.text = "Z"
        addmodifier text_Z (Extrude ())
        text_Z.modifiers[#Extrude].amount = size/10.0
        rotate text_Z (angleaxis 90 [1,0,0])

    converttopoly marker

    Mtl_Color = Standardmaterial Diffuse:color_
    Mtl_Red = Standardmaterial Diffuse:(color 255 0 0)
    Mtl_Green = Standardmaterial Diffuse:(color 0 255 0)
    Mtl_Blue = Standardmaterial Diffuse:(color 0 0 255)

    marker.material = Mtl_Color
    cyl_01.material = arrow_01.material = text_Y.material = Mtl_Green
    cyl_02.material = arrow_02.material = text_X.material = Mtl_Red
    cyl_03.material = arrow_03.material = text_Z.material = Mtl_Blue

    marker.EditablePoly.attach cyl_01 marker
    marker.EditablePoly.attach cyl_02 marker
    marker.EditablePoly.attach cyl_03 marker
    marker.EditablePoly.attach arrow_01 marker
    marker.EditablePoly.attach arrow_02 marker
    marker.EditablePoly.attach arrow_03 marker
    marker.EditablePoly.attach text_X marker
    marker.EditablePoly.attach text_Y marker
    marker.EditablePoly.attach text_Z marker

    marker.wirecolor = color_
    marker.name = name_
    marker.transform = transform_

    return marker
)

function createBoneBetween2PointsWithCstr ptA ptB axis name_ =
(
    bone_ = BoneSys.createBone ptA.pos ptB.pos [0,0,1]
    bone_.name = name_ + "bone"
    bone_.transform = ptA.transform
    bone_.width = bone_.height = 0.2
    bone_.Taper = 0

    bone_.pos.controller = position_constraint()
        bone_.pos.controller.appendTarget ptA 100.0

    lookat_constraint_ = lookat_constraint()
    bone_.rotation.controller = lookat_constraint_
        lookat_constraint_.appendTarget ptB 100.0
        lookat_constraint_.viewline_length_abs = off
        lookat_constraint_.upnode_world = off
        lookat_constraint_.pickUpNode = ptA
        lookat_constraint_.upnode_ctrl = 1
        lookat_constraint_.StoUP_axis = 2

    return bone_
)

function averagePointArrayPos mesh_ array_ =
(
    pos = [0,0,0]
    for obj in array_ do
    (
        if classof mesh_ == PolyMeshObject OR classof mesh_ == Editable_Poly then
            pos += polyop.getvert mesh_ obj
        if classof mesh_ == Editable_mesh then
            pos += getvert mesh_ obj
    )
    pos = pos/(array_.count as float)

    return pos
)

function create_puppet size:1.0 =
(
    creation_obj = #()

    append creation_obj (main_ctrl = Circle radius:50 isSelected:off)
        main_ctrl.wirecolor = red
        main_ctrl.name = "crea_Root"

    append creation_obj (Pelvis = create_marks (matrix3 [0,0,1] [0,-1,0] [1,0,0] ([0,1.16218,92.5263]*size)) (3.0*size) "crea_Pelvis" green)
    append creation_obj (Spine01 = create_marks (matrix3 [1.80287e-007,0.051499,0.998673] [-1.27487e-006,-0.998673,0.051499] [1,-1.28246e-006,0] ([0,5.62265,77.7086]*size)) (.5*size) "crea_Spine01" green)
    append creation_obj (Spine02 = create_marks (matrix3 [1.80287e-007,0.051499,0.998673] [-1.27487e-006,-0.998673,0.051499] [1,-1.28246e-006,0] ([0,6.1031,86.8147]*size)) (.5*size) "crea_Spine02" green)
    append creation_obj (Chest = create_marks (matrix3 [0,0,1] [0,-1,0] [1,0,0] ([0,1.37235,127.759]*size)) (3.0*size) "crea_Chest" green)
    append creation_obj (neck = create_marks (matrix3 [0,-0.15836,0.987381] [0,-0.987381,-0.15836] [1,0,0] ([0,1.69999,147.441]*size)) (3.0*size) "crea_neck" green)
    append creation_obj (head = create_marks (matrix3 [0,0,1] [-2.65917e-07,-1,0] [1,-2.65919e-07,0] ([3.47939e-07,0.642729,159.872]*size)) (3.0*size) "crea_head" green)
    append creation_obj (headEND = create_marks (matrix3 [0,0,1] [-2.65917e-07,-1,0] [1,-2.65919e-07,0] ([0,0.642718,176.152]*size)) (1.5*size) "crea_headEND" green)

    Spine01.pos.controller = position_list ()
    Spine01.pos.controller.Available.controller = Position_Constraint ()
        Spine01.pos.controller.Position_Constraint.controller.appendTarget Pelvis 66.0
        Spine01.pos.controller.Position_Constraint.controller.appendTarget Chest 33.0
    Spine01.pos.controller.Available.controller = Position_XYZ ()
    Spine01.position.controller.setActive 3

    Spine01.rotation.controller = rotation_list ()
    Spine01.rotation.controller.Available.controller = Orientation_Constraint ()
        Spine01.rotation.controller.Orientation_Constraint.controller.appendTarget Pelvis 66.0
        Spine01.rotation.controller.Orientation_Constraint.controller.appendTarget Chest 33.0
    Spine01.rotation.controller.Available.controller = Euler_XYZ ()
    Spine01.rotation.controller.setActive 3

    Spine02.pos.controller = position_list ()
    Spine02.pos.controller.Available.controller = Position_Constraint ()
        Spine02.pos.controller.Position_Constraint.controller.appendTarget Pelvis 33.0
        Spine02.pos.controller.Position_Constraint.controller.appendTarget Chest 66.0
    Spine02.pos.controller.Available.controller = Position_XYZ ()
    Spine02.position.controller.setActive 3

    Spine02.rotation.controller = rotation_list ()
    Spine02.rotation.controller.Available.controller = Orientation_Constraint ()
        Spine02.rotation.controller.Orientation_Constraint.controller.appendTarget Pelvis 33.0
        Spine02.rotation.controller.Orientation_Constraint.controller.appendTarget Chest 66.0
    Spine02.rotation.controller.Available.controller = Euler_XYZ ()
    Spine02.rotation.controller.setActive 3

    append creation_obj (LookAtTarget = create_marks (matrix3 [-4.88568e-07,0,1] [-1.21959e-06,-1,0] [1,-1.21959e-06,4.88568e-07] ([3.59944e-06,-44.5116,159.871]*size)) (0.5*size) "crea_head_LookAtTarget" (color 0 255 255))
        LookAtTarget.parent = head

    append creation_obj (hip_R = create_marks (matrix3 [-0.00216679,0.0169392,-0.999855] [-0.00345007,-0.999851,-0.0169316] [-0.999992,0.00341291,0.00222477] ([-5.94648,1.61346,92.4476]*size)) (1.5*size) "crea_hip_R" red)
    append creation_obj (thigh_R = create_marks (matrix3 [-0.0904402,0.0431937,-0.994965] [-0.253244,-0.967216,-0.0189697] [-0.963165,0.250254,0.0984143] ([-9.09172,1.15681,89.8038]*size)) (1*size) "crea_thigh_R" red)
    append creation_obj (shin_R = create_marks (matrix3 [-0.0807841,0.0797973,-0.993532] [-0.256487,-0.964887,-0.0566421] [-0.963166,0.250252,0.0984142] ([-12.7579,2.90778,49.4704]*size)) (1*size) "crea_shin_R" red)
    append creation_obj (ankle_R = create_marks (matrix3 [-0.00714622,-0.00615463,-0.999956] [-0.406605,-0.913564,0.00852869] [-0.913576,0.406648,0.00402624] ([-16.0835,6.19273,8.57057]*size)) (1*size) "crea_ankle_R" red)
    append creation_obj (KneePV_R = create_marks (matrix3 [-0.0807828,0.0797963,-0.993532] [-0.256484,-0.964887,-0.056641] [-0.963166,0.250251,0.098413] ([-22.2038,-32.634,47.4018]*size)) (.5*size) "crea_KneePV_R" red)
    append creation_obj (footPlantar_R = create_marks (matrix3 [-0.343374,-0.93873,0.0296419] [0.0107366,0.0276354,0.99956] [-0.939137,0.343542,0.000589609] ([-20.2993,-3.2844,2.07297]*size)) (1*size) "crea_footPlantar_R" red)
    append creation_obj (footEnd_R = create_marks (matrix3 [-0.343374,-0.93873,0.0296419] [0.0107368,0.0276353,0.99956] [-0.939137,0.343541,0.00058987] ([-23.6429,-12.4253,2.36161]*size)) (1*size) "crea_footEnd_R" red)
    append creation_obj (footheel_R = create_marks (matrix3 [-0.343373,-0.93873,0.0296414] [0.0107377,0.0276345,0.99956] [-0.939137,0.34354,0.000591055] ([-15.0179,11.1556,3.8147e-06]*size)) (1*size) "crea_footHeel_R" red)

    --Toe R
    --(
        append creation_obj (toe_A_01_R = create_marks (matrix3 [-0.27913,-0.934086,-0.222641] [-0.0587466,-0.214811,0.974887] [-0.958454,0.2852,0.00508592] ([-15.9021,1.54272,4.32754]*size)) (.25*size) "crea_toeA_01_R" red)
        append creation_obj (toe_A_02_R = create_marks (matrix3 [-0.325244,-0.943795,-0.0588888] [-0.0246955,-0.0537762,0.998248] [-0.945308,0.326128,-0.00581701] ([-18.2598,-6.52097,1.83808]*size)) (.25*size) "crea_toeA_02_R" red)
        append creation_obj (toe_A_03_R = create_marks (matrix3 [-0.357164,-0.93214,-0.0595796] [-0.0611828,-0.0403023,0.997313] [-0.932036,0.359849,-0.0426364] ([-19.3389,-9.65223,1.6427]*size)) (.25*size) "crea_toeA_03_R" red)
        append creation_obj (toe_A_END_R = create_marks (matrix3 [-0.381693,-0.924197,-0.0130458] [-0.043806,0.0039895,0.999032] [-0.92325,0.381895,-0.0420081] ([-20.7299,-13.2851,1.3632]*size)) (.25*size) "crea_toeA_END_R" red)

        append creation_obj (toe_B_01_R = create_marks (matrix3 [-0.348304,-0.910793,-0.221677] [-0.0803043,-0.206624,0.97512] [-0.933936,0.35744,-0.00117272] ([-17.6066,2.07533,4.57135]*size)) (.25*size) "crea_toeB_01_R" red)
        append creation_obj (toe_B_02_R = create_marks (matrix3 [-0.362403,-0.930252,-0.05741] [-0.0251909,-0.0517983,0.99834] [-0.931681,0.363247,-0.00466197] ([-20.6874,-6.08677,1.85109]*size)) (.25*size) "crea_toeB_02_R" red)
        append creation_obj (toe_B_03_R = create_marks (matrix3 [-0.375386,-0.894146,-0.244106] [-0.133899,-0.208288,0.968859] [-0.917146,0.396382,-0.0415368] ([-22.0801,-9.61902,1.60504]*size)) (.25*size) "crea_toeB_03_R" red)
        append creation_obj (toe_B_END_R = create_marks (matrix3 [-0.417373,-0.908607,-0.0152656] [-0.0395471,0.00137836,0.999217] [-0.907875,0.41765,-0.036508] ([-22.8833,-11.7434,0.614211]*size)) (.25*size) "crea_toeB_END_R" red)

        append creation_obj (toe_C_01_R = create_marks (matrix3 [-0.386032,-0.895488,-0.221541] [-0.0803041,-0.206624,0.975119] [-0.918983,0.394218,0.00785202] ([-18.6795,2.54693,4.29511]*size)) (.25*size) "crea_toeC_01_R" red)
        append creation_obj (toe_C_02_R = create_marks (matrix3 [-0.351866,-0.92816,-0.121283] [-0.041553,-0.113953,0.992617] [-0.935128,0.354308,0.00152815] ([-22.1354,-5.42734,1.85565]*size)) (.25*size) "crea_toeC_02_R" red)
        append creation_obj (toe_C_03_R = create_marks (matrix3 [-0.362056,-0.880645,-0.305581] [-0.148144,-0.269295,0.951596] [-0.920309,0.389801,-0.0329623] ([-23.1566,-8.14522,1.64611]*size)) (.25*size) "crea_toeC_03_R" red)
        append creation_obj (toe_C_END_R = create_marks (matrix3 [-0.40776,-0.909679,-0.078848] [-0.056464,-0.0610667,0.996536] [-0.911342,0.410799,-0.0264637] ([-24.0305,-10.4549,0.490505]*size)) (.25*size) "crea_toeC_END_R" red)

        append creation_obj (toe_D_01_R = create_marks (matrix3 [-0.386032,-0.895488,-0.221541] [-0.0803041,-0.206624,0.975119] [-0.918983,0.394218,0.00785202] ([-19.856,3.1887,3.75124]*size)) (.25*size) "crea_toeD_01_R" red)
        append creation_obj (toe_D_02_R = create_marks (matrix3 [-0.351866,-0.92816,-0.121283] [-0.041553,-0.113953,0.992617] [-0.935128,0.354308,0.00152815] ([-23.4533,-4.77051,1.96871]*size)) (.25*size) "crea_toeD_02_R" red)
        append creation_obj (toe_D_03_R = create_marks (matrix3 [-0.362056,-0.880645,-0.305581] [-0.148144,-0.269295,0.951596] [-0.920309,0.389801,-0.0329623] ([-24.2351,-6.96938,1.21007]*size)) (.25*size) "crea_toeD_03_R" red)
        append creation_obj (toe_D_END_R = create_marks (matrix3 [-0.410711,-0.911722,-0.00893559] [-0.0277981,0.00272563,0.99961] [-0.911342,0.410799,-0.0264637] ([-24.924,-8.83505,0.574824]*size)) (.25*size) "crea_toeD_END_R" red)

        append creation_obj (toe_E_01_R = create_marks (matrix3 [-0.39184,-0.90896,-0.142311] [-0.0489408,-0.133869,0.98979] [-0.918731,0.394804,0.00796992] ([-20.6841,3.69934,3.09673]*size)) (.25*size) "crea_toeE_01_R" red)
        append creation_obj (toe_E_02_R = create_marks (matrix3 [-0.314094,-0.948494,-0.0412788] [-0.00977625,-0.0402458,0.999142] [-0.949342,0.314228,0.00336835] ([-24.5616,-3.85412,1.4195]*size)) (.25*size) "crea_toeE_02_R" red)
        append creation_obj (toe_E_03_R = create_marks (matrix3 [-0.331313,-0.915507,-0.228209] [-0.110541,-0.20254,0.973015] [-0.937024,0.347598,-0.0340964] ([-25.0725,-5.60114,0.954298]*size)) (.25*size) "crea_toeE_03_R" red)
        append creation_obj (toe_E_END_R = create_marks (matrix3 [-0.370553,-0.926074,0.0712579] [-0.000951801,0.077098,0.997023] [-0.928811,0.369382,-0.0294503] ([-25.4868,-7.0135,0.440334]*size)) (.25*size) "crea_toeE_END_R" red)

        append creation_obj (toe_A_01_R_Rig = createBoneBetween2PointsWithCstr toe_A_01_R toe_A_02_R "Z" "crea_toeA_01_R_")
        append creation_obj (toe_A_02_R_Rig = createBoneBetween2PointsWithCstr toe_A_02_R toe_A_03_R "Z" "crea_toeA_02_R_")
        append creation_obj (toe_A_03_R_Rig = createBoneBetween2PointsWithCstr toe_A_03_R toe_A_END_R "Z" "crea_toeA_03_R_")

        append creation_obj (toe_B_01_R_Rig = createBoneBetween2PointsWithCstr toe_B_01_R toe_B_02_R "Z" "crea_toeB_01_R_")
        append creation_obj (toe_B_02_R_Rig = createBoneBetween2PointsWithCstr toe_B_02_R toe_B_03_R "Z" "crea_toeB_02_R_")
        append creation_obj (toe_B_03_R_Rig = createBoneBetween2PointsWithCstr toe_B_03_R toe_B_END_R "Z" "crea_toeB_03_R_")

        append creation_obj (toe_C_01_R_Rig = createBoneBetween2PointsWithCstr toe_C_01_R toe_C_02_R "Z" "crea_toeC_01_R_")
        append creation_obj (toe_C_02_R_Rig = createBoneBetween2PointsWithCstr toe_C_02_R toe_C_03_R "Z" "crea_toeC_02_R_")
        append creation_obj (toe_C_03_R_Rig = createBoneBetween2PointsWithCstr toe_C_03_R toe_C_END_R "Z" "crea_toeC_03_R_")

        append creation_obj (toe_D_01_R_Rig = createBoneBetween2PointsWithCstr toe_D_01_R toe_D_02_R "Z" "crea_toeD_01_R_")
        append creation_obj (toe_D_02_R_Rig = createBoneBetween2PointsWithCstr toe_D_02_R toe_D_03_R "Z" "crea_toeD_02_R_")
        append creation_obj (toe_D_03_R_Rig = createBoneBetween2PointsWithCstr toe_D_03_R toe_D_END_R "Z" "crea_toeD_03_R_")

        append creation_obj (toe_E_01_R_Rig = createBoneBetween2PointsWithCstr toe_E_01_R toe_E_02_R "Z" "crea_toeE_01_R_")
        append creation_obj (toe_E_02_R_Rig = createBoneBetween2PointsWithCstr toe_E_02_R toe_E_03_R "Z" "crea_toeE_02_R_")
        append creation_obj (toe_E_03_R_Rig = createBoneBetween2PointsWithCstr toe_E_03_R toe_E_END_R "Z" "crea_toeE_03_R_")

        toe_A_01_R.parent = ankle_R
        toe_A_02_R.parent = toe_A_01_R
        toe_A_03_R.parent = toe_A_02_R
        toe_A_END_R.parent = toe_A_03_R

        toe_B_01_R.parent = ankle_R
        toe_B_02_R.parent = toe_B_01_R
        toe_B_03_R.parent = toe_B_02_R
        toe_B_END_R.parent = toe_B_03_R

        toe_C_01_R.parent = ankle_R
        toe_C_02_R.parent = toe_C_01_R
        toe_C_03_R.parent = toe_C_02_R
        toe_C_END_R.parent = toe_C_03_R

        toe_D_01_R.parent = ankle_R
        toe_D_02_R.parent = toe_D_01_R
        toe_D_03_R.parent = toe_D_02_R
        toe_D_END_R.parent = toe_D_03_R

        toe_E_01_R.parent = ankle_R
        toe_E_02_R.parent = toe_E_01_R
        toe_E_03_R.parent = toe_E_02_R
        toe_E_END_R.parent = toe_E_03_R

        toe_A_01_R_Rig.parent = toe_A_01_R
        toe_A_02_R_Rig.parent = toe_A_01_R_Rig
        toe_A_03_R_Rig.parent = toe_A_02_R_Rig

        toe_B_01_R_Rig.parent = toe_B_01_R
        toe_B_02_R_Rig.parent = toe_B_01_R_Rig
        toe_B_03_R_Rig.parent = toe_B_02_R_Rig

        toe_C_01_R_Rig.parent = toe_C_01_R
        toe_C_02_R_Rig.parent = toe_C_01_R_Rig
        toe_C_03_R_Rig.parent = toe_C_02_R_Rig

        toe_D_01_R_Rig.parent = toe_D_01_R
        toe_D_02_R_Rig.parent = toe_D_01_R_Rig
        toe_D_03_R_Rig.parent = toe_D_02_R_Rig

        toe_E_01_R_Rig.parent = toe_E_01_R
        toe_E_02_R_Rig.parent = toe_E_01_R_Rig
        toe_E_03_R_Rig.parent = toe_E_02_R_Rig
    --)

    append creation_obj (hip_L = create_marks (matrix3 [0.00216661,0.0169396,-0.999855] [0.00345747,-0.999851,-0.0169321] [0.999992,0.00342028,0.00222498] ([5.94647,1.61346,92.4476]*size)) (1.5*size) "crea_hip_L" blue)
    append creation_obj (thigh_L = create_marks (matrix3 [0.0904403,0.0431942,-0.994965] [0.253245,-0.967216,-0.0189702] [0.963166,0.250254,0.0984143] ([9.09173,1.15682,89.8038]*size)) (1*size) "crea_thigh_L" blue)
    append creation_obj (shin_L = create_marks (matrix3 [0.0807841,0.0797968,-0.993532] [0.256487,-0.964886,-0.0566412] [0.963166,0.250252,0.0984147] ([12.758,2.9078,49.4704]*size)) (1*size) "crea_shin_L" blue)
    append creation_obj (ankle_L = create_marks (matrix3 [0.00714701,-0.00615531,-0.999956] [0.406605,-0.913564,0.00852954] [0.913577,0.406647,0.00402641] ([16.0835,6.19273,8.57057]*size)) (1*size) "crea_ankle_L" blue)
    append creation_obj (KneePV_L = create_marks (matrix3 [0.0807836,0.0797959,-0.993532] [0.256483,-0.964887,-0.0566407] [0.963167,0.250249,0.0984132] ([22.2038,-32.634,47.4018]*size)) (.5*size) "crea_KneePV_L" blue)
    append creation_obj (footPlantar_L = create_marks (matrix3 [0.343374,-0.938731,0.0296424] [-0.0107372,0.027636,0.99956] [0.939138,0.343541,0.000589825] ([20.2993,-3.28439,2.07299]*size)) (1*size) "crea_footPlantar_L" blue)
    append creation_obj (footEnd_L = create_marks (matrix3 [0.343374,-0.938731,0.0296425] [-0.0107372,0.0276359,0.99956] [0.939138,0.343541,0.00058984] ([23.6429,-12.4253,2.36164]*size)) (1*size) "crea_footEnd_L" blue)
    append creation_obj (footheel_L = create_marks (matrix3 [0.343373,-0.938732,0.0296415] [-0.0107381,0.0276346,0.99956] [0.939138,0.34354,0.000591163] ([15.0179,11.1556,2.09808e-05]*size)) (1*size) "crea_footHeel_L" blue)

    --Toe L
    --(
        append creation_obj (toe_A_01_L = create_marks (matrix3 [0.27913,-0.934086,-0.222641] [0.0587466,-0.214811,0.974887] [0.958454,0.2852,0.00508575] ([15.9021,1.54272,4.32754]*size)) (.25*size) "crea_toeA_01_L" blue)
        append creation_obj (toe_A_02_L = create_marks (matrix3 [0.325244,-0.943795,-0.0588886] [0.0246954,-0.0537761,0.998248] [0.945308,0.326128,-0.00581709] ([18.2598,-6.52097,1.83808]*size)) (.25*size) "crea_toeA_02_L" blue)
        append creation_obj (toe_A_03_L = create_marks (matrix3 [0.357164,-0.93214,-0.0595796] [0.0611826,-0.0403023,0.997313] [0.932036,0.359849,-0.0426363] ([19.3388,-9.65223,1.6427]*size)) (.25*size) "crea_toeA_03_L" blue)
        append creation_obj (toe_A_END_L = create_marks (matrix3 [0.381693,-0.924197,-0.0130454] [0.0438059,0.00398977,0.999033] [0.92325,0.381895,-0.0420082] ([20.7299,-13.2851,1.3632]*size)) (.25*size) "crea_toeA_END_L" blue)

        append creation_obj (toe_B_01_L = create_marks (matrix3 [0.348304,-0.910793,-0.221677] [0.0803046,-0.206623,0.97512] [0.933936,0.35744,-0.00117327] ([17.6066,2.07534,4.57135]*size)) (.25*size) "crea_toeB_01_L" blue)
        append creation_obj (toe_B_02_L = create_marks (matrix3 [0.362403,-0.930252,-0.0574099] [0.0251909,-0.0517981,0.99834] [0.931681,0.363248,-0.00466213] ([20.6874,-6.08677,1.8511]*size)) (.25*size) "crea_toeB_02_L" blue)
        append creation_obj (toe_B_03_L = create_marks (matrix3 [0.375386,-0.894146,-0.244106] [0.133899,-0.208288,0.968859] [0.917146,0.396382,-0.0415364] ([22.0801,-9.61902,1.60504]*size)) (.25*size) "crea_toeB_03_L" blue)
        append creation_obj (toe_B_END_L = create_marks (matrix3 [0.417373,-0.908607,-0.0152655] [0.0395472,0.00137855,0.999217] [0.907875,0.41765,-0.0365082] ([22.8833,-11.7434,0.614213]*size)) (.25*size) "crea_toeB_END_L" blue)

        append creation_obj (toe_C_01_L = create_marks (matrix3 [0.386032,-0.895488,-0.221541] [0.0803044,-0.206624,0.975119] [0.918983,0.394218,0.00785168] ([18.6794,2.54693,4.29511]*size)) (.25*size) "crea_toeC_01_L" blue)
        append creation_obj (toe_C_02_L = create_marks (matrix3 [0.351866,-0.92816,-0.121283] [0.0415531,-0.113953,0.992617] [0.935128,0.354308,0.00152798] ([22.1354,-5.42734,1.85565]*size)) (.25*size) "crea_toeC_02_L" blue)
        append creation_obj (toe_C_03_L = create_marks (matrix3 [0.362056,-0.880645,-0.305581] [0.148144,-0.269295,0.951596] [0.920309,0.389801,-0.0329624] ([23.1566,-8.14521,1.64611]*size)) (.25*size) "crea_toeC_03_L" blue)
        append creation_obj (toe_C_END_L = create_marks (matrix3 [0.40776,-0.909679,-0.0788479] [0.056464,-0.0610665,0.996536] [0.911342,0.410799,-0.0264637] ([24.0305,-10.4548,0.490509]*size)) (.25*size) "crea_toeC_END_L" blue)

        append creation_obj (toe_D_01_L = create_marks (matrix3 [0.386032,-0.895488,-0.221541] [0.0803044,-0.206624,0.975119] [0.918983,0.394218,0.00785168] ([19.856,3.1887,3.75124]*size)) (.25*size) "crea_toeD_01_L" blue)
        append creation_obj (toe_D_02_L = create_marks (matrix3 [0.351866,-0.92816,-0.121283] [0.0415531,-0.113953,0.992617] [0.935128,0.354308,0.00152798] ([23.4533,-4.77051,1.96871]*size)) (.25*size) "crea_toeD_02_L" blue)
        append creation_obj (toe_D_03_L = create_marks (matrix3 [0.362056,-0.880645,-0.305581] [0.148144,-0.269295,0.951596] [0.920309,0.389801,-0.0329624] ([24.2351,-6.96938,1.21007]*size)) (.25*size) "crea_toeD_03_L" blue)
        append creation_obj (toe_D_END_L = create_marks (matrix3 [0.410711,-0.911722,-0.00893543] [0.0277981,0.00272575,0.99961] [0.911342,0.410799,-0.0264637] ([24.924,-8.83505,0.574823]*size)) (.25*size) "crea_toeD_END_L" blue)

        append creation_obj (toe_E_01_L = create_marks (matrix3 [0.39184,-0.908961,-0.142311] [0.0489405,-0.133869,0.98979] [0.918731,0.394804,0.00797008] ([20.6841,3.69934,3.09673]*size)) (.25*size) "crea_toeE_01_L" blue)
        append creation_obj (toe_E_02_L = create_marks (matrix3 [0.314094,-0.948494,-0.0412786] [0.00977635,-0.0402455,0.999142] [0.949342,0.314228,0.00336812] ([24.5616,-3.85412,1.4195]*size)) (.25*size) "crea_toeE_02_L" blue)
        append creation_obj (toe_E_03_L = create_marks (matrix3 [0.331313,-0.915507,-0.228209] [0.110541,-0.20254,0.973015] [0.937024,0.347598,-0.0340964] ([25.0725,-5.60113,0.954302]*size)).25 "crea_toeE_03_L" blue)
        append creation_obj (toe_E_END_L = create_marks (matrix3 [0.370554,-0.926074,0.0712582] [0.000951841,0.0770983,0.997023] [0.928811,0.369382,-0.0294505] ([25.4868,-7.01349,0.440335]*size)) (.25*size) "crea_toeE_END_L" blue)

        append creation_obj (toe_A_01_L_Rig = createBoneBetween2PointsWithCstr toe_A_01_L toe_A_02_L "Z" "crea_toeA_01_L_")
        append creation_obj (toe_A_02_L_Rig = createBoneBetween2PointsWithCstr toe_A_02_L toe_A_03_L "Z" "crea_toeA_02_L_")
        append creation_obj (toe_A_03_L_Rig = createBoneBetween2PointsWithCstr toe_A_03_L toe_A_END_L "Z" "crea_toeA_03_L_")

        append creation_obj (toe_B_01_L_Rig = createBoneBetween2PointsWithCstr toe_B_01_L toe_B_02_L "Z" "crea_toeB_01_L_")
        append creation_obj (toe_B_02_L_Rig = createBoneBetween2PointsWithCstr toe_B_02_L toe_B_03_L "Z" "crea_toeB_02_L_")
        append creation_obj (toe_B_03_L_Rig = createBoneBetween2PointsWithCstr toe_B_03_L toe_B_END_L "Z" "crea_toeB_03_L_")

        append creation_obj (toe_C_01_L_Rig = createBoneBetween2PointsWithCstr toe_C_01_L toe_C_02_L "Z" "crea_toeC_01_L_")
        append creation_obj (toe_C_02_L_Rig = createBoneBetween2PointsWithCstr toe_C_02_L toe_C_03_L "Z" "crea_toeC_02_L_")
        append creation_obj (toe_C_03_L_Rig = createBoneBetween2PointsWithCstr toe_C_03_L toe_C_END_L "Z" "crea_toeC_03_L_")

        append creation_obj (toe_D_01_L_Rig = createBoneBetween2PointsWithCstr toe_D_01_L toe_D_02_L "Z" "crea_toeD_01_L_")
        append creation_obj (toe_D_02_L_Rig = createBoneBetween2PointsWithCstr toe_D_02_L toe_D_03_L "Z" "crea_toeD_02_L_")
        append creation_obj (toe_D_03_L_Rig = createBoneBetween2PointsWithCstr toe_D_03_L toe_D_END_L "Z" "crea_toeD_03_L_")

        append creation_obj (toe_E_01_L_Rig = createBoneBetween2PointsWithCstr toe_E_01_L toe_E_02_L "Z" "crea_toeE_01_L_")
        append creation_obj (toe_E_02_L_Rig = createBoneBetween2PointsWithCstr toe_E_02_L toe_E_03_L "Z" "crea_toeE_02_L_")
        append creation_obj (toe_E_03_L_Rig = createBoneBetween2PointsWithCstr toe_E_03_L toe_E_END_L "Z" "crea_toeE_03_L_")

        toe_A_01_L.parent = ankle_L
        toe_A_02_L.parent = toe_A_01_L
        toe_A_03_L.parent = toe_A_02_L
        toe_A_END_L.parent = toe_A_03_L

        toe_B_01_L.parent = ankle_L
        toe_B_02_L.parent = toe_B_01_L
        toe_B_03_L.parent = toe_B_02_L
        toe_B_END_L.parent = toe_B_03_L

        toe_C_01_L.parent = ankle_L
        toe_C_02_L.parent = toe_C_01_L
        toe_C_03_L.parent = toe_C_02_L
        toe_C_END_L.parent = toe_C_03_L

        toe_D_01_L.parent = ankle_L
        toe_D_02_L.parent = toe_D_01_L
        toe_D_03_L.parent = toe_D_02_L
        toe_D_END_L.parent = toe_D_03_L

        toe_E_01_L.parent = ankle_L
        toe_E_02_L.parent = toe_E_01_L
        toe_E_03_L.parent = toe_E_02_L
        toe_E_END_L.parent = toe_E_03_L

        toe_A_01_L_Rig.parent = toe_A_01_L
        toe_A_02_L_Rig.parent = toe_A_01_L_Rig
        toe_A_03_L_Rig.parent = toe_A_02_L_Rig

        toe_B_01_L_Rig.parent = toe_B_01_L
        toe_B_02_L_Rig.parent = toe_B_01_L_Rig
        toe_B_03_L_Rig.parent = toe_B_02_L_Rig

        toe_C_01_L_Rig.parent = toe_C_01_L
        toe_C_02_L_Rig.parent = toe_C_01_L_Rig
        toe_C_03_L_Rig.parent = toe_C_02_L_Rig

        toe_D_01_L_Rig.parent = toe_D_01_L
        toe_D_02_L_Rig.parent = toe_D_01_L_Rig
        toe_D_03_L_Rig.parent = toe_D_02_L_Rig

        toe_E_01_L_Rig.parent = toe_E_01_L
        toe_E_02_L_Rig.parent = toe_E_01_L_Rig
        toe_E_03_L_Rig.parent = toe_E_02_L_Rig

        local left_toes_bones = #(
            toe_A_01_L_Rig, \
            toe_A_02_L_Rig, \
            toe_A_03_L_Rig, \
            toe_B_01_L_Rig, \
            toe_B_02_L_Rig, \
            toe_B_03_L_Rig, \
            toe_C_01_L_Rig, \
            toe_C_02_L_Rig, \
